5.787758966873102651e+01 3.514116339538193756e+01
0.000000000000000000e+00 0.000000000000000000e+00
0.000000000000000000e+00 7.000000000000000000e+01
1.801677982035154457e+02 3.474778496395590821e+01
1.192797154527043801e+02 4.233030862817734885e+01
1.191494828120048339e+02 5.754580763394878318e+01
3.942459015609158968e+01 2.738730589725157927e+01
4.653571402285466263e+01 5.163350567743091801e+01
3.788299481131225832e+01 3.421830175761238024e+01
4.871200631454634333e+01 1.734713128087016187e+01
3.932568162384690424e+01 4.265529707857838559e+01
4.422402788447031696e+01 2.050505230950398783e+01
3.825743027659135009e+01 3.910157278606579467e+01
4.906373082869024671e+01 5.311201171878110472e+01
5.657384656226503949e+01 5.511453945019866296e+01
6.193965899646296691e+01 1.554179886763555629e+01
5.428071916190089752e+01 1.545111464806088364e+01
2.400000000000000000e+02 0.000000000000000000e+00
2.400000000000000000e+02 7.000000000000000000e+01
2.001197608666235226e+02 3.634612253928989389e+01
1.947763146614861682e+02 2.106470256224604753e+01
1.879466357312057028e+02 1.630530183850390813e+01
1.942911638747859513e+02 4.893108638606358340e+01
1.850507543435253979e+02 5.415892188196055201e+01
1.975723106418193709e+02 2.486252098671646138e+01
1.983082937222865496e+02 4.320697638206610236e+01
1.839783576896327872e+02 1.509797240715158395e+01
1.885761746766826832e+02 5.291188973683891561e+01
2.000713534278323209e+02 3.263024239121924097e+01
1.758298085672294633e+02 1.520763800877005067e+01
1.212326020880569644e+02 4.679631435424272468e+01
1.169141887615270292e+02 4.940573530892119436e+01
1.182996504829993540e+02 6.234546995210873632e+01
1.206186309060048814e+02 6.486010754023854474e+01
3.525949174768356187e+01 2.485532473538161469e+01
3.244772197759625243e+01 2.474520641745270311e+01
2.049936523621300353e+02 3.628166289442074799e+01
2.074568522179299919e+02 3.769685187703241525e+01
4.411627413552378840e+01 5.586496925252875911e+01
4.161503742183268173e+01 5.724102928678015445e+01
1.987627323192533026e+02 1.825980548505591727e+01
1.999599559470696306e+02 1.569932817981484163e+01
3.305516769258098719e+01 3.354669274380273691e+01
3.042933805250919121e+01 3.453513004423412980e+01
1.903473550799882048e+02 1.206318916152692289e+01
1.902873296921900135e+02 9.221621225837498770e+00
4.685040389465888921e+01 1.284231055346528194e+01
4.456226629223478142e+01 1.114737023801698079e+01
1.975253783721391301e+02 5.257784247070893713e+01
2.002216330056540698e+02 5.345733374221578060e+01
3.512311831514993798e+01 4.512459556037062924e+01
3.229300939462458331e+01 4.514505621503706578e+01
1.867853088394862482e+02 5.871417094829375571e+01
1.862348600761275748e+02 6.152473974933094780e+01
4.084411311722156768e+01 1.699290915725046958e+01
2.019630519600250125e+02 2.274583394504279354e+01
3.349061577293952041e+01 4.011963606679152861e+01
2.027762414551810082e+02 4.515541586326913404e+01
4.704824176533367819e+01 5.755011685400238974e+01
1.848968957262480046e+02 1.031098366358026652e+01
5.602020402930941856e+01 5.995731275704360996e+01
1.909050383892320326e+02 5.719387142341329877e+01
6.242670285044943057e+01 1.069187498781213463e+01
2.049001747400015461e+02 3.196581926479478852e+01
5.333272319684640195e+01 1.066987244482249686e+01
1.752347456427391705e+02 1.036977965287696968e+01
